38
0 0 0.579529
1 1 0.517647
2 2 0.570261
3 3 0.523297
4 4 0.525088
5 5 0.337750
6 6 0.493437
7 7 -0.013361
8 8 0.379981
9 9 0.539102
10 10 0.565835
11 11 0.312074
12 12 0.520026
13 13 0.645998
14 14 0.598325
15 15 0.619404
16 16 0.590254
17 17 0.387974
18 18 0.183625
19 19 0.427130
20 20 0.471501
21 21 0.475181
22 22 0.162707
23 23 0.280802
24 24 0.137917
25 25 0.725255
26 26 0.737872
27 27 0.382331
28 28 0.519596
29 29 0.292556
30 30 0.518204
31 31 -0.531364
32 32 -1.000000
33 33 0.126775
34 34 0.091917
35 35 0.104286
36 36 0.417429
37 37 0.143874
0 1 -0.003346
0 2 -0.003352
1 2 -0.002142
0 3 -0.002895
1 3 -0.002644
2 3 -0.002411
0 4 -0.002758
1 4 -0.002527
2 4 -0.002313
3 4 -0.002472
0 5 -0.003461
1 5 -0.002504
2 5 -0.001886
3 5 -0.002649
4 5 -0.002650
0 6 -0.003214
1 6 -0.002156
2 6 -0.001765
3 6 -0.002412
4 6 -0.002315
5 6 -0.002098
0 7 -0.002800
1 7 -0.001769
2 7 -0.001385
3 7 -0.001914
4 7 -0.001925
5 7 -0.001652
6 7 -0.001523
0 8 -0.003491
1 8 -0.002257
2 8 -0.001941
3 8 -0.002534
4 8 -0.002537
5 8 -0.002309
6 8 -0.002123
7 8 -0.001294
0 9 -0.003117
1 9 -0.002322
2 9 -0.002068
3 9 -0.002486
4 9 -0.002380
5 9 -0.002352
6 9 -0.001995
7 9 -0.001653
8 9 -0.002256
0 10 -0.003132
1 10 -0.002116
2 10 -0.001823
3 10 -0.002417
4 10 -0.002302
5 10 -0.002191
6 10 -0.002052
7 10 -0.001468
8 10 -0.002084
9 10 -0.002126
0 11 -0.002505
1 11 -0.001411
2 11 -0.001241
3 11 -0.001968
4 11 -0.002024
5 11 -0.001426
6 11 -0.001382
7 11 -0.000326
8 11 -0.001494
9 11 -0.001593
10 11 -0.001530
0 12 -0.002159
1 12 -0.000907
2 12 -0.000518
3 12 -0.001306
4 12 -0.001282
5 12 -0.000931
6 12 -0.000700
7 12 -0.000066
8 12 -0.000816
9 12 -0.000942
10 12 -0.000787
11 12 -0.002238
0 13 -0.002236
1 13 -0.002718
2 13 -0.002524
3 13 -0.002389
4 13 -0.002264
5 13 -0.002882
6 13 -0.002543
7 13 -0.002324
8 13 -0.002839
9 13 -0.002536
10 13 -0.002486
11 13 -0.002407
12 13 -0.001624
0 14 -0.002475
1 14 -0.002537
2 14 -0.002348
3 14 -0.002307
4 14 -0.002290
5 14 -0.002711
6 14 -0.002384
7 14 -0.002185
8 14 -0.002607
9 14 -0.002394
10 14 -0.002375
11 14 -0.002263
12 14 -0.001501
13 14 -0.001855
0 15 -0.003275
1 15 -0.002098
2 15 -0.001546
3 15 -0.002378
4 15 -0.002337
5 15 -0.002018
6 15 -0.001816
7 15 -0.001336
8 15 -0.001965
9 15 -0.002054
10 15 -0.001879
11 15 -0.001285
12 15 -0.000586
13 15 -0.002528
14 15 -0.002290
0 16 -0.001738
1 16 -0.000442
2 16 -0.000049
3 16 -0.000858
4 16 -0.000714
5 16 -0.000446
6 16 -0.000213
7 16 0.000096
8 16 -0.000125
9 16 -0.000388
10 16 -0.000313
11 16 -0.001513
12 16 -0.000843
13 16 -0.001102
14 16 -0.000859
15 16 -0.000113
0 17 -0.003355
1 17 -0.002698
2 17 -0.002393
3 17 -0.002695
4 17 -0.002764
5 17 -0.002671
6 17 -0.002549
7 17 -0.001530
8 17 -0.002439
9 17 -0.002760
10 17 -0.002685
11 17 -0.001404
12 17 -0.001135
13 17 -0.003045
14 17 -0.002811
15 17 -0.002430
16 17 -0.000900
0 18 -0.002442
1 18 -0.001529
2 18 -0.001222
3 18 -0.001927
4 18 -0.001986
5 18 -0.001004
6 18 -0.001280
7 18 -0.000626
8 18 -0.001655
9 18 -0.001646
10 18 -0.001443
11 18 0.000709
12 18 0.000306
13 18 -0.002294
14 18 -0.002113
15 18 -0.001345
16 18 -0.001473
17 18 -0.001450
0 19 -0.002265
1 19 -0.001239
2 19 -0.000947
3 19 -0.001744
4 19 -0.001692
5 19 -0.000842
6 19 -0.001023
7 19 -0.000446
8 19 -0.001436
9 19 -0.001376
10 19 -0.001179
11 19 0.000561
12 19 0.000345
13 19 -0.001970
14 19 -0.001794
15 19 -0.001018
16 19 -0.001219
17 19 -0.001373
18 19 -0.001125
0 20 -0.002254
1 20 -0.001300
2 20 -0.000694
3 20 -0.001464
4 20 -0.001309
5 20 -0.001146
6 20 -0.000983
7 20 -0.000481
8 20 -0.001021
9 20 -0.001105
10 20 -0.000900
11 20 -0.002308
12 20 -0.001580
13 20 -0.001444
14 20 -0.001272
15 20 -0.000660
16 20 -0.000954
17 20 -0.001501
18 20 -0.000566
19 20 -0.000243
0 21 -0.003336
1 21 -0.002310
2 21 -0.001878
3 21 -0.002449
4 21 -0.002466
5 21 -0.002166
6 21 -0.001914
7 21 -0.001405
8 21 -0.002060
9 21 -0.002238
10 21 -0.002067
11 21 -0.001419
12 21 -0.000757
13 21 -0.002634
14 21 -0.002480
15 21 -0.001932
16 21 -0.000300
17 21 -0.002515
18 21 -0.001247
19 21 -0.000982
20 21 -0.000980
0 22 -0.001040
1 22 -0.000190
2 22 -0.000043
3 22 -0.000716
4 22 -0.000798
5 22 0.000194
6 22 -0.000098
7 22 0.000533
8 22 -0.000657
9 22 -0.000391
10 22 -0.000295
11 22 -0.000365
12 22 -0.000964
13 22 -0.001139
14 22 -0.000995
15 22 -0.000091
16 22 -0.002041
17 22 -0.000187
18 22 0.000225
19 22 0.000035
20 22 -0.001273
21 22 -0.000038
0 23 -0.000954
1 23 0.000024
2 23 0.000181
3 23 -0.000458
4 23 -0.000604
5 23 0.000409
6 23 0.000183
7 23 0.000805
8 23 -0.000333
9 23 -0.000117
10 23 0.000014
11 23 -0.000402
12 23 -0.000840
13 23 -0.000894
14 23 -0.000771
15 23 0.000202
16 23 -0.001864
17 23 -0.000050
18 23 0.000258
19 23 0.000094
20 23 -0.000932
21 23 0.000167
22 23 -0.001056
0 24 -0.001069
1 24 -0.002135
2 24 -0.002350
3 24 -0.001757
4 24 -0.001745
5 24 -0.002172
6 24 -0.002238
7 24 -0.001164
8 24 -0.002123
9 24 -0.001891
10 24 -0.001940
11 24 -0.001123
12 24 -0.000933
13 24 -0.001481
14 24 -0.001648
15 24 -0.002269
16 24 -0.000488
17 24 -0.002168
18 24 -0.000720
19 24 -0.000505
20 24 -0.001251
21 24 -0.002084
22 24 0.000717
23 24 0.000879
0 25 -0.003517
1 25 -0.001975
2 25 -0.001589
3 25 -0.002578
4 25 -0.002608
5 25 -0.001949
6 25 -0.001849
7 25 -0.001552
8 25 -0.002120
9 25 -0.002109
10 25 -0.001958
11 25 -0.001386
12 25 -0.001240
13 25 -0.002846
14 25 -0.002645
15 25 -0.001634
16 25 0.000027
17 25 -0.002443
18 25 0.000093
19 25 0.000197
20 25 -0.001055
21 25 -0.001817
22 25 0.000677
23 25 0.000708
24 25 -0.001913
0 26 -0.003491
1 26 -0.001930
2 26 -0.001632
3 26 -0.002648
4 26 -0.002643
5 26 -0.001971
6 26 -0.001914
7 26 -0.001584
8 26 -0.002102
9 26 -0.002099
10 26 -0.001970
11 26 -0.001391
12 26 -0.001251
13 26 -0.002892
14 26 -0.002659
15 26 -0.001673
16 26 -0.000028
17 26 -0.002455
18 26 0.000070
19 26 0.000193
20 26 -0.001097
21 26 -0.001818
22 26 0.000696
23 26 0.000659
24 26 -0.001946
25 26 -0.001168
0 27 -0.003458
1 27 -0.002762
2 27 -0.002538
3 27 -0.002896
4 27 -0.002886
5 27 -0.002784
6 27 -0.002634
7 27 -0.001685
8 27 -0.002668
9 27 -0.002836
10 27 -0.002766
11 27 -0.001437
12 27 -0.001221
13 27 -0.003066
14 27 -0.002810
15 27 -0.002566
16 27 -0.001086
17 27 -0.002677
18 27 -0.001264
19 27 -0.001217
20 27 -0.001696
21 27 -0.002668
22 27 0.000003
23 27 0.000203
24 27 -0.002162
25 27 -0.002486
26 27 -0.002543
0 28 -0.003174
1 28 -0.002314
2 28 -0.001773
3 28 -0.002434
4 28 -0.002416
5 28 -0.002239
6 28 -0.001940
7 28 -0.001519
8 28 -0.002156
9 28 -0.002265
10 28 -0.002001
11 28 -0.001358
12 28 -0.000734
13 28 -0.002566
14 28 -0.002460
15 28 -0.001909
16 28 -0.000336
17 28 -0.002568
18 28 -0.001356
19 28 -0.001104
20 28 -0.001014
21 28 -0.002033
22 28 -0.000127
23 28 0.000108
24 28 -0.002106
25 28 -0.001804
26 28 -0.001904
27 28 -0.002781
0 29 -0.002454
1 29 -0.001817
2 29 -0.001545
3 29 -0.001983
4 29 -0.001955
5 29 -0.001679
6 29 -0.001595
7 29 -0.001213
8 29 -0.001950
9 29 -0.001833
10 29 -0.001729
11 29 -0.000146
12 29 -0.000139
13 29 -0.002135
14 29 -0.001946
15 29 -0.001596
16 29 -0.000042
17 29 -0.001806
18 29 -0.001582
19 29 -0.001636
20 29 -0.000619
21 29 -0.001755
22 29 -0.000253
23 29 -0.000170
24 29 -0.001857
25 29 -0.001405
26 29 -0.001440
27 29 -0.001855
28 29 -0.001784
0 30 -0.003346
1 30 -0.002307
2 30 -0.001895
3 30 -0.002569
4 30 -0.002382
5 30 -0.002259
6 30 -0.002025
7 30 -0.001449
8 30 -0.002177
9 30 -0.002273
10 30 -0.002157
11 30 -0.001273
12 30 -0.000842
13 30 -0.002764
14 30 -0.002516
15 30 -0.001880
16 30 -0.000341
17 30 -0.002525
18 30 -0.001231
19 30 -0.001070
20 30 -0.001078
21 30 -0.002063
22 30 -0.000035
23 30 0.000198
24 30 -0.002354
25 30 -0.001935
26 30 -0.001925
27 30 -0.002637
28 30 -0.002033
29 30 -0.001494
0 31 -0.000669
1 31 -0.000659
2 31 -0.000626
3 31 -0.000537
4 31 -0.000523
5 31 -0.000634
6 31 -0.000647
7 31 -0.001101
8 31 -0.000514
9 31 -0.000780
10 31 -0.000720
11 31 -0.001026
12 31 -0.000833
13 31 -0.000663
14 31 -0.000598
15 31 -0.000648
16 31 0.000872
17 31 -0.000504
18 31 -0.001019
19 31 -0.001114
20 31 0.000304
21 31 -0.000681
22 31 -0.001518
23 31 -0.001363
24 31 0.001071
25 31 -0.002193
26 31 -0.002212
27 31 -0.000659
28 31 -0.000646
29 31 -0.001794
30 31 -0.000610
0 32 -0.001059
1 32 -0.000963
2 32 -0.000956
3 32 -0.000972
4 32 -0.000993
5 32 -0.001005
6 32 -0.000966
7 32 -0.001303
8 32 -0.000660
9 32 -0.001032
10 32 -0.001043
11 32 -0.002224
12 32 -0.002341
13 32 -0.001173
14 32 -0.001245
15 32 -0.000967
16 32 -0.000944
17 32 -0.000573
18 32 0.000160
19 32 0.000006
20 32 -0.001873
21 32 -0.001099
22 32 -0.001328
23 32 -0.001379
24 32 0.000517
25 32 -0.002370
26 32 -0.002419
27 32 -0.000745
28 32 -0.001050
29 32 0.000200
30 32 -0.000790
31 32 -0.001471
0 33 -0.001340
1 33 -0.000631
2 33 -0.000322
3 33 -0.000640
4 33 -0.000633
5 33 -0.000650
6 33 -0.000405
7 33 -0.000010
8 33 -0.000447
9 33 -0.000652
10 33 -0.000455
11 33 -0.001723
12 33 -0.001076
13 33 -0.000733
14 33 -0.000633
15 33 -0.000356
16 33 -0.000370
17 33 -0.000895
18 33 -0.001695
19 33 -0.001515
20 33 -0.001045
21 33 -0.000628
22 33 -0.002317
23 33 -0.002088
24 33 -0.000207
25 33 -0.000655
26 33 -0.000755
27 33 -0.000955
28 33 -0.000465
29 33 -0.001812
30 33 -0.000490
31 33 -0.000579
32 33 -0.000726
0 34 -0.002492
1 34 -0.001861
2 34 -0.001510
3 34 -0.002095
4 34 -0.001998
5 34 -0.001511
6 34 -0.001542
7 34 -0.001201
8 34 -0.001884
9 34 -0.001886
10 34 -0.001708
11 34 -0.000310
12 34 -0.000045
13 34 -0.002263
14 34 -0.002076
15 34 -0.001490
16 34 0.000009
17 34 -0.001816
18 34 -0.001499
19 34 -0.001429
20 34 -0.000588
21 34 -0.001728
22 34 -0.000157
23 34 -0.000105
24 34 -0.001514
25 34 -0.001379
26 34 -0.001401
27 34 -0.001883
28 34 -0.001685
29 34 -0.002180
30 34 -0.001541
31 34 -0.001723
32 34 0.000029
33 34 -0.001724
0 35 -0.003146
1 35 -0.003694
2 35 -0.003686
3 35 -0.003431
4 35 -0.003372
5 35 -0.003474
6 35 -0.003542
7 35 -0.002449
8 35 -0.003545
9 35 -0.003419
10 35 -0.003395
11 35 -0.002396
12 35 -0.002305
13 35 -0.003306
14 35 -0.003408
15 35 -0.003649
16 35 -0.001981
17 35 -0.003591
18 35 -0.001810
19 35 -0.001778
20 35 -0.002639
21 35 -0.003551
22 35 -0.000489
23 35 -0.000326
24 35 -0.000646
25 35 -0.003466
26 35 -0.003480
27 35 -0.003374
28 35 -0.003432
29 35 -0.002997
30 35 -0.003736
31 35 -0.000734
32 35 -0.001054
33 35 -0.001610
34 35 -0.002683
0 36 -0.002996
1 36 -0.002569
2 36 -0.002325
3 36 -0.002534
4 36 -0.002422
5 36 -0.002501
6 36 -0.002269
7 36 -0.001777
8 36 -0.002378
9 36 -0.002323
10 36 -0.002166
11 36 -0.001869
12 36 -0.001234
13 36 -0.002475
14 36 -0.002414
15 36 -0.002301
16 36 -0.000642
17 36 -0.002877
18 36 -0.001735
19 36 -0.001492
20 36 -0.001287
21 36 -0.002396
22 36 -0.000606
23 36 -0.000301
24 36 -0.001590
25 36 -0.002410
26 36 -0.002351
27 36 -0.002950
28 36 -0.002378
29 36 -0.002111
30 36 -0.002492
31 36 -0.000730
32 36 -0.001122
33 36 -0.000693
34 36 -0.002028
35 36 -0.003215
0 37 -0.001769
1 37 -0.001558
2 37 -0.001516
3 37 -0.001569
4 37 -0.001735
5 37 -0.001279
6 37 -0.001361
7 37 -0.000571
8 37 -0.001653
9 37 -0.001496
10 37 -0.001475
11 37 0.000621
12 37 0.000409
13 37 -0.001887
14 37 -0.001795
15 37 -0.001464
16 37 0.000068
17 37 -0.001371
18 37 -0.000640
19 37 -0.000701
20 37 -0.000615
21 37 -0.001515
22 37 0.000976
23 37 0.000982
24 37 -0.002193
25 37 -0.000815
26 37 -0.000834
27 37 -0.001296
28 37 -0.001414
29 37 -0.001658
30 37 -0.001274
31 37 -0.000834
32 37 0.000887
33 37 -0.001596
34 37 -0.001753
35 37 -0.001564
36 37 -0.001606
